Price,Close,High,Low,Open,Volume
Ticker,MSFT,MSFT,MSFT,MSFT,MSFT
Date,,,,,
2023-01-03,234.8089599609375,240.8560876090647,232.67236512033801,238.23926029311136,25740000
2023-01-04,224.53765869140625,228.2325713228783,221.46018993339348,227.65432430054253,50623400
2023-01-05,217.8828582763672,223.01851293325473,217.34380812885354,222.67547694258565,39585600
2023-01-06,220.45069885253906,221.26417188709627,214.9818330743018,218.55914037652232,43613600
2023-01-09,222.59707641601562,226.63503997806498,221.9012238905733,221.9404207414047,27369800
2023-01-10,224.29263305664062,226.70363566114452,222.8028985080936,223.22432820821962,27033900
2023-01-11,231.07481384277344,231.2512220935921,226.50761080924343,226.6840190600621,28669300
2023-01-12,233.76025390625,235.1225725416833,228.9088322882637,230.57497512258234,27269500
2023-01-13,234.46591186523438,234.60312327325482,230.2417446380463,232.2803248107226,21333300
2023-01-17,235.5635986328125,236.11244421957366,232.36850975214904,233.23098993415692,29831300
2023-01-18,231.114013671875,237.55318409838128,230.8297953902502,236.7593170496167,30028700
2023-01-19,227.31129455566406,230.82981397653035,226.08618729413027,229.12445928470314,28623000
2023-01-20,235.4362030029297,235.94585178667532,229.8399067203441,230.18294271909866,35389800
2023-01-23,237.74920654296875,240.28762508379944,234.87754747647304,236.2986837989115,31934000
2023-01-24,237.219970703125,239.09193825120215,235.65184232831297,237.67081677077388,40234400
2023-01-25,235.81845092773438,238.45488418950694,226.30181098777524,229.81052003551318,66526600
2023-01-26,243.061279296875,243.3651035032085,237.18076447517643,238.79790006917452,33454500
2023-01-27,243.21807861328125,244.85481998958946,241.9145627963581,244.03155156466582,26498900
2023-01-30,237.87661743164062,240.7090646327135,237.37676413120786,239.64075980634883,25867400
2023-01-31,242.87506103515625,243.01227244971068,238.11184342287675,238.60188632556014,26541100
2023-02-01,247.71669006347656,250.09829141866163,240.58166651738924,243.06128243617087,31259900
2023-02-02,259.3306884765625,259.4188926025156,252.1270524252997,253.66579418989215,39940400
2023-02-03,253.2051544189453,258.93866192348526,251.9800472560027,254.3714588308541,29077300
2023-02-06,251.6566162109375,253.1561462653794,249.7062550702165,252.31328684712523,22518000
2023-02-07,262.2317199707031,263.4176152589011,254.90066837762996,255.34171889390444,50841400
2023-02-08,261.41827392578125,271.2485324657394,260.9086102109095,267.7594297078376,54686000
2023-02-09,258.3702087402344,268.5239129821001,257.5665312216428,268.3474748100803,42375100
2023-02-10,257.8606262207031,258.83090176561467,255.46921404690974,256.3218840602987,25818500
2023-02-13,265.9168701171875,269.1315501475347,261.82989942164016,262.31016177286494,44630900
2023-02-14,266.75,269.49422863256655,263.9175373133073,267.24004296366184,37047900
2023-02-15,264.61785888671875,266.0032448214542,261.53266680835156,263.63531822248893,28922400
2023-02-16,257.5729675292969,262.08282450135516,257.32733242198594,259.41031333442197,29603600
2023-02-17,253.554443359375,255.548999723687,251.53041197430025,254.8612392443018,30000100
2023-02-21,248.258544921875,251.02931675886796,247.19739921785944,250.03694110450442,28397400
2023-02-22,247.11878967285156,249.89938146855127,245.9692189291674,249.6537463098398,22491100
2023-02-23,250.3218994140625,252.3557508757764,246.10679139719036,251.09809997375493,29219100
2023-02-24,244.86875915527344,246.61768014977395,243.76831852746525,245.5958445657205,24990900
2023-02-27,245.7923583984375,248.40591997457756,245.03579794379073,248.05220476132266,21190000
2023-02-28,245.06527709960938,247.09914335825746,244.38732168006,244.72139688160397,22491000
2023-03-01,241.97027587890625,246.5489036451056,241.49864560005906,246.38187354348958,27565300
2023-03-02,246.72576904296875,247.01069921844766,241.3217957785109,242.24538633521718,24808200
2023-03-03,250.83279418945312,251.15703440077357,247.00089167817626,247.78692719116086,30760100
2023-03-06,252.38522338867188,255.5784806456706,251.5107627702967,251.95290308432797,24109800
2023-03-07,249.7126922607422,253.1908944468832,248.96596678774188,251.82514859412282,21473200
2023-03-08,249.27053833007812,250.09586880646756,246.43099669705938,249.6045985239911,17340200
2023-03-09,247.91464233398438,255.02822642305847,247.18755691928234,251.3535343083889,26653400
2023-03-10,244.249755859375,248.37642324072814,243.27705029353803,246.69628726753015,28333900
2023-03-13,249.48670959472656,253.4070520212103,241.43969960963778,243.08054062729633,33339700
2023-03-14,256.23675537109375,256.511865522419,251.392822721387,252.2672832007519,33620300
2023-03-15,260.8055725097656,261.8274231030396,254.6843339357489,255.44090936840504,46028000
2023-03-16,271.3777160644531,271.7314162751919,258.68327877053844,260.57957486476903,54768800
2023-03-17,274.55133056640625,278.38323315935025,271.49564349381546,273.4017747809038,69527400
2023-03-20,267.47705078125,272.6353891713259,265.13859924685386,272.1441188484615,43466600
2023-03-21,268.9999694824219,270.19867023704575,264.814336850172,270.08077016032206,34558700
2023-03-22,267.5359802246094,276.133210212867,267.42788516982534,268.62658586472133,34873300
2023-03-23,272.812255859375,276.15288826078046,270.395214119826,273.08736605749635,36610900
2023-03-24,275.67138671875,275.7303367481384,270.4737392394616,272.3995101639137,28172000
2023-03-27,271.5545959472656,276.5458893718172,270.7095953765777,275.6026587216582,26840200
2023-03-28,270.4246826171875,271.31879823570057,267.30018046098104,270.9749030001552,21878600
2023-03-29,275.6125183105469,276.23152378719624,273.5491767166371,274.0895621409819,25087000
2023-03-30,279.09063720703125,279.4934824393244,276.56553072790194,279.26751729823314,25053400
2023-03-31,283.26641845703125,284.2194839558922,278.05896572186725,278.77623109227005,32766000
2023-04-03,282.21514892578125,283.23696956652316,278.99241693897744,281.5175235068159,24883300
2023-04-04,282.166015625,285.3789427288405,280.68239963863556,282.2151606481745,25824300
2023-04-05,279.37554931640625,282.13648559558163,277.98035866206936,280.8591949982586,22064800
2023-04-06,286.5088195800781,286.9804198360611,277.1058996745783,278.2652902835456,29770300
2023-04-10,284.3374328613281,284.54375798741194,279.7391201581484,284.1605527684974,23103000
2023-04-11,277.89190673828125,280.98693319323706,276.722711169999,280.76093809159977,27276600
2023-04-12,278.5404052734375,281.9989671295164,277.037119461826,279.8177259533784,27403400
2023-04-13,284.77960205078125,284.8385520958966,278.2260721624306,278.6387224782379,24222700
2023-04-14,281.1441955566406,283.443337075977,278.7369589738927,281.9891661216718,20987900
2023-04-17,283.7576599121094,286.50879106548535,281.16376880808764,284.8679353788313,23836200
2023-04-18,283.3352355957031,286.66606271139386,281.99899473668074,286.47937759362446,20161800
2023-04-19,283.4138488769531,284.00334925083666,279.5721115217609,280.99677740499226,17150300
2023-04-20,281.11468505859375,283.98371688946736,280.10266940979704,280.269714510074,23244400
2023-04-21,280.77081298828125,281.27188830738805,278.11794135985355,280.03390753424685,21676400
2023-04-24,276.8504638671875,279.974965874203,273.85372692501556,277.16488406665934,26611000
2023-04-25,270.611328125,276.68342145250523,270.5621831072535,274.6299153265919,45772200
2023-04-26,290.2130126953125,294.3396952159119,287.6191210991788,291.5198084868981,64599200
2023-04-27,299.5077819824219,299.87134712373717,290.095057985203,290.8024882845063,46462600
2023-04-28,301.89544677734375,303.5362728554159,298.0143992536934,298.7021896959071,36446700
2023-05-01,300.2250671386719,303.2119985982661,299.8222219430723,301.61045281580516,21294100
2023-05-02,300.07769775390625,303.7818646450202,298.60388700365706,302.3866739262479,26404400
2023-05-03,299.0853576660156,303.2218452657529,298.78077247368105,301.26659903403873,22360800
2023-05-04,300.07769775390625,302.3866739262479,298.10278175345024,300.89319317575126,22519900
2023-05-05,305.2261962890625,306.5231569282417,298.9575831844526,300.38227888450245,28181200
2023-05-08,303.2611389160156,304.7840947802389,300.7458374723301,304.71530974445443,21318600
2023-05-09,301.63995361328125,304.62688532818095,300.9619982242948,302.62249417879684,21340800
2023-05-10,306.8572692871094,307.53522473722796,302.29829624410297,303.23169187465317,30078000
2023-05-11,304.6956481933594,305.6880237851026,300.9128909069213,304.68584317708854,31680200
2023-05-12,303.5755310058594,305.22619180341667,301.2469148834561,305.1279317592097,19758100
2023-05-15,304.0570068359375,304.48932710036144,302.2196607045156,303.7033066112777,16336500
2023-05-16,306.29718017578125,308.2327862505442,304.4205241349901,304.4205241349901,26730300
2023-05-17,309.1921691894531,309.61557800525054,305.9820752690315,307.5083603764243,24315000
2023-05-18,313.6429443359375,314.1550015459057,308.91645194585186,309.71404716104996,27276000
2023-05-19,313.46575927734375,313.8694852016011,311.5259215707128,311.8902515376422,27529500
2023-05-22,316.2622375488281,317.6506519061972,313.1407919076932,313.72175450256833,24115700
2023-05-23,310.432861328125,317.77862806398514,310.42300482844877,315.1298139772058,30797200
2023-05-24,309.04449462890625,311.6539131682788,307.82346044326306,309.9110253250696,23384900
2023-05-25,320.92974853515625,321.8947242115427,315.1003783142054,318.29076002853634,43301700
2023-05-26,327.7929992675781,328.29517001444793,318.9209454523759,319.058786228864,36630600
2023-05-30,326.13861083984375,330.5992477381918,325.45917349338055,330.0970771279863,29503100
2023-05-31,323.3619079589844,330.7962949649811,322.31811038320245,327.20218753857415,45950600
2023-06-01,327.4876708984375,328.4231369444022,319.7480341193022,320.9394987276046,26773900
2023-06-02,330.2644958496094,332.3323475779333,327.4581277933345,329.1321101568125,25864000
2023-06-05,330.7962341308594,333.3761130137204,329.535834140366,330.08725725806266,21307100
2023-06-06,328.57086181640625,330.2349878378433,327.08400256878656,330.19559188251617,20396200
2023-06-07,318.4285888671875,329.368464259654,317.5620581330694,326.57195237701546,40717100
2023-06-08,320.2797546386719,321.63862942191327,318.3989962118977,318.97995875467535,23277700
2023-06-09,321.7863464355469,324.9373314399376,319.44278312053285,320.0138891984146,22514900
2023-06-12,326.76885986328125,327.01503196954405,320.1812918956647,323.5489094811682,24260300
2023-06-13,329.1714782714844,331.82029234775854,325.3311997009598,329.3487149631308,22951300
2023-06-14,332.17486572265625,333.8488484484753,327.71422733831974,329.2207997714317,26003800
2023-06-15,342.7701110839844,344.48345964894935,332.03701124714706,332.3127228558807,38899100
2023-06-16,337.08837890625,346.088445630965,336.7142225430132,345.9407483756996,46533600
2023-06-20,332.8739318847656,336.842225295789,330.7174616885454,334.1146489977438,26375400
2023-06-21,328.4526672363281,332.5588311731775,326.98549110544155,331.21963929473736,25117800
2023-06-22,334.50848388671875,334.9122097318514,328.2360236629577,329.00407940361606,23556800
2023-06-23,329.89031982421875,332.78530632497916,328.34438176725655,329.2404218291187,23084700
2023-06-26,323.568603515625,330.9635927200876,323.4602721690602,328.61020314832035,21520600
2023-06-27,329.447265625,331.0030603602188,324.2579375730142,326.77873793533746,24354100
2023-06-28,330.7076110839844,332.80500222166694,328.6988382978553,329.53582946293454,20259500
2023-06-29,329.9198913574219,330.9636588312666,327.52710535890856,329.5851008516896,16997000
2023-06-30,335.32586669921875,337.4823371529425,332.0370103573136,332.57857707113163,26823800
2023-07-03,332.81488037109375,335.68032771766394,331.41663942897316,333.99651867597373,12508700
2023-07-05,332.97235107421875,336.418760211569,329.6047338310347,329.9592072038739,18172400
2023-07-06,336.04461669921875,337.7382820361676,330.3629751576873,332.13540234854474,28161200
2023-07-07,332.05670166015625,336.5567359201338,331.84006895912,334.1245537972637,21185300
2023-07-10,326.7491760253906,330.0971410096197,322.5741063466411,329.4767824384207,32791400
2023-07-11,327.37939453125,327.7634074291619,321.9931471069892,325.99098010741216,26698200
2023-07-12,332.0369567871094,336.4188023518634,330.53038466322164,331.4461377080676,29995300
2023-07-13,337.41339111328125,338.47684155339823,333.82911027190704,334.3608505171208,20567200
2023-07-14,339.953857421875,346.0490818076083,339.0381043039025,342.2678814702268,28302200
2023-07-17,340.43634033203125,341.67702731455745,336.96039139033553,340.3870878805487,20363900
2023-07-18,353.9856872558594,361.16407540289185,336.93090392473795,340.534837675606,64872700
2023-07-19,349.6431884765625,356.9101946041354,347.04362639492615,356.21107416498864,39732900
2023-07-20,341.5588684082031,352.488915911332,340.0818357740048,348.15629286107804,33778400
2023-07-21,338.5063781738281,344.9363933202969,334.6267028122205,343.80400747725736,69368900
2023-07-24,339.8258361816406,341.6081500253585,337.06872038252897,340.5545261109339,26678100
2023-07-25,345.60595703125,346.5020271113136,339.78644478620345,341.79518755329605,41637700
2023-07-26,332.5982360839844,339.3926110246211,328.00958389884386,336.21205623429853,58383700
2023-07-27,325.6561584472656,336.1036882550132,324.01171554866875,335.2667271305917,39635300
2023-07-28,333.1890563964844,334.8039600258681,328.0686940198267,328.5610382897155,28484900
2023-07-31,330.77655029296875,332.5292944945826,328.2557202684384,331.7612387219722,25446000
2023-08-01,331.1901550292969,333.3564819361362,328.59059279140047,330.05776916675796,18311900
2023-08-02,322.4854736328125,328.52161875649267,321.3629143538821,328.52161875649267,27761300
2023-08-03,321.6583251953125,324.82902313251566,320.9592048261729,321.00842722740435,18253700
2023-08-04,322.76116943359375,330.00849183831787,322.22942927216775,326.79839796975773,23727700
2023-08-07,325.05548095703125,326.0401693802271,322.5051415469907,323.3421327167684,17741500
2023-08-08,321.0576477050781,323.716318462382,318.0543600406065,321.95371777438714,22327600
2023-08-09,317.2961730957031,322.101427535395,316.134217875359,321.4712425475284,22373300
2023-08-10,317.9854431152344,323.2338495332389,316.2622382780474,321.0281269074305,20113700
2023-08-11,316.09490966796875,317.4734677527089,314.32245208732064,315.3563931886101,24342600
2023-08-14,319.0784606933594,319.0981436446772,315.1790727103108,316.4690422541551,18836100
2023-08-15,316.9317626953125,320.1123167312671,315.986470338768,318.0543217845796,16966300
2023-08-16,316.16217041015625,320.129018488505,315.57010038655903,316.5568737212436,20698900
2023-08-17,312.688720703125,317.6127097168365,312.02756935768224,316.3003145091052,21257200
2023-08-18,312.2940673828125,314.1689308855228,307.42925146427314,310.33036777073653,24744800
2023-08-21,317.62255859375,318.50077107188855,312.8465799771693,313.72479245530786,24040000
2023-08-22,318.19488525390625,321.7669995051517,317.2081120302946,321.1946842855857,16102000
2023-08-23,322.67486572265625,324.8457790055064,319.18167984531766,319.5369338888436,21166400
2023-08-24,315.73785400390625,328.57578427329713,315.7279766344483,328.44749892606876,23281400
2023-08-25,318.70806884765625,321.05656413544324,314.5833333396425,317.2180314460419,21684100
2023-08-28,319.4184875488281,321.8360637498044,317.46466582892504,321.3525545323946,14808500
2023-08-29,324.0662536621094,324.62872172355605,317.6226246093168,317.6226246093168,19284600
2023-08-30,324.44122314453125,325.4477211359216,322.13217708385923,324.32281515894806,15222100
2023-08-31,323.4248352050781,326.5331651614873,322.45778650386836,324.8457912046821,26411000
2023-09-01,324.31292724609375,327.5988691949411,322.45778856177515,326.9278705558269,14931200
2023-09-05,329.1382141113281,330.4210374382803,324.31290845170753,324.64840775182194,18553900
2023-09-06,328.4770812988281,330.03616976955755,325.81278150242235,328.9704679193529,17535800
2023-09-07,325.54632568359375,328.67437962989993,324.67796051429553,326.908077416,18381000
2023-09-08,329.84869384765625,331.7137098037089,325.1023167744585,325.72398875980934,19530100
2023-09-11,333.4701843261719,333.94384636953174,330.9933736107888,332.779430943847,16583300
2023-09-12,327.38177490234375,332.33539626234364,327.09563232037993,331.3782249333898,17565500
2023-09-13,331.61505126953125,332.39461065187623,326.789745222865,326.92787783331875,16544400
2023-09-14,334.2201232910156,336.3515270839073,332.1182913781519,334.6641532003969,20267000
2023-09-15,325.852294921875,332.93732030579133,325.28982688834475,332.46368837349866,37666900
2023-09-18,324.7076110839844,326.0298836572718,322.043311199017,323.4642671224755,16834200
2023-09-19,324.3030090332031,325.0332416851502,320.21778360821713,321.8558307484151,16505900
2023-09-20,316.5272521972656,325.23059969956495,316.2707116235492,325.15167108778996,21436500
2023-09-21,315.3036804199219,321.04670841856864,310.8335984468154,315.03726246226876,35529500
2023-09-22,312.8170471191406,317.19832345154833,311.96840633060816,317.0700380905197,21447900
2023-09-25,313.34002685546875,313.46831221282724,310.83361404365974,312.40258010087473,17836000
2023-09-26,308.0114440917969,311.70196673842554,305.91945932011913,310.9618867351327,26297600
2023-09-27,308.65283203125,310.1428392517049,305.593828747816,308.16929263193225,19410100
2023-09-28,309.4915771484375,311.3072363180732,305.3569948142918,306.8766039400304,19683600
2023-09-29,311.57366943359375,315.24446731366316,310.81386483371,313.5472160333315,24140300
2023-10-02,317.5436096191406,317.63244570904936,311.0111757318988,312.0966322948684,20570000
2023-10-03,309.2449035644531,317.13909008245986,307.09371485170817,316.5864693213822,21033500
2023-10-04,314.7411804199219,315.80691237012786,309.8467936401809,309.87639563246836,20720100
2023-10-05,315.1358947753906,315.74771949407113,310.73489445489207,314.86947683543065,16965600
2023-10-06,322.9314270019531,324.8358921681667,312.1163703803469,312.36306369557445,25645500
2023-10-09,325.4575500488281,325.9311819206421,318.9053614253998,320.45460260529177,19891200
2023-10-10,324.0465087890625,326.720656085552,323.3360307858184,326.58249336445317,20557100
2023-10-11,328.023193359375,328.4178966562557,324.786578142663,326.82917598535187,20063200
2023-10-12,326.77984619140625,329.2171774212292,324.37211695571347,326.197653564225,19313100
2023-10-13,323.3952331542969,329.414526355163,322.0433284012077,327.9837231000112,21072400
2023-10-16,328.24029541015625,331.6940020700412,326.22726938220796,326.6712993129767,22158000
2023-10-17,327.6679382324219,329.04941482391666,323.07944842920335,325.23060698695457,18338500
2023-10-18,325.74365234375,331.15117975213576,323.957595448677,328.09217713101947,23153600
2023-10-19,326.9377136230469,332.42417036991503,326.53313298528315,327.75672215339745,25052100
2023-10-20,322.3492736816406,327.52983393285876,321.1454089520383,327.33246721104837,25012600
2023-10-23,324.9642333984375,328.3291344105169,320.09944761283566,321.16514966777146,24374700
2023-10-24,326.1581726074219,327.450843201344,323.2669341104162,326.91797719567256,31153600
2023-10-25,336.1640625,341.6209174681372,333.15438596388094,340.4565021251705,55053800
2023-10-26,323.5531311035156,337.11138741830564,322.61568436698997,336.0358080707796,37828500
2023-10-27,325.44769287109375,332.26629984544655,324.05633893346254,326.0594874860953,29856500
2023-10-30,332.8485107421875,334.9602201307453,327.44098203313024,329.0001007639954,22828100
2023-10-31,333.637939453125,334.5161822328496,330.2631912926322,334.36817224579886,20265300
2023-11-01,341.49267578125,342.824825886297,335.1575773399262,335.2957400698119,28158800
2023-11-02,343.7128601074219,344.2160939793093,340.2097970582298,342.64712815086057,24348100
2023-11-03,348.133544921875,349.7025406839728,342.73589474732955,345.00549099319386,23624000
2023-11-06,351.81427001953125,352.810920650958,348.6763382726154,348.775021621636,23828300
2023-11-07,355.7613525390625,357.66581765167786,352.89971618574515,354.6462939673867,25833900
2023-11-08,358.39605712890625,359.0571783438661,355.7810839202766,356.8961425131314,26767800
2023-11-09,355.9192810058594,359.9650577521111,355.59362893748545,357.5079716401421,24847300
2023-11-10,364.7805480957031,365.2048534443956,356.29429055217616,356.70871853008293,28042100
2023-11-13,361.83001708984375,363.59634968321416,361.0603351402409,363.3496563645731,19986500
2023-11-14,365.3725280761719,367.03033005742196,362.4911669897253,366.1027607739128,27683900
2023-11-15,365.5209045410156,368.9420616823199,362.98960975360205,367.1128197102885,26860100
2023-11-16,371.9479064941406,372.12587894423325,366.0251173322835,366.7963614577358,27182300
2023-11-17,365.6988525390625,370.1681097203814,362.88083457344084,369.41663021620167,40157000
2023-11-20,373.2036437988281,374.6175863426899,366.83592346802067,367.053455411311,52465100
2023-11-21,368.8827209472656,371.9973597461241,366.9545954086588,371.45354494039043,28423100
2023-11-22,373.6090393066406,375.52726727191356,370.7613594334498,373.75734968023374,23345300
2023-11-24,373.1937561035156,373.72770364641934,370.92948056102307,373.0948724585258,10176600
2023-11-27,374.36053466796875,376.36777927950243,371.9776106304941,372.5510875373221,22179200
2023-11-28,378.40460205078125,378.70122279234795,373.91555038642196,374.1034202477642,20453100
2023-11-29,374.5978088378906,379.9866201515638,373.20363100030266,379.45270281593014,28963400
2023-11-30,374.6571960449219,375.8239447266378,371.255803480385,374.24189676114656,30554400
2023-12-01,370.3065185546875,373.9155450087437,367.1424232065823,372.5312646095913,33020400
2023-12-04,364.9967956542969,365.37250519603646,358.8268127510661,364.9572361643586,32063300
2023-12-05,368.3388671875,368.8925793974309,361.51631803473913,362.33701910752933,23065000
2023-12-06,364.6606140136719,369.98023426556915,363.8992672788477,369.3474332518956,21182100
2023-12-07,366.7864990234375,367.28088706354185,362.208460944063,364.0970268782678,23118900
2023-12-08,370.0296936035156,370.2570927962262,364.0970369580223,365.0561509893791,20144800
2023-12-11,367.1325378417969,367.42918876388495,361.9909204511594,364.34421229449237,27708800
2023-12-12,370.177978515625,370.2175380062211,366.3019631635577,366.6876003030071,24838300
2023-12-13,370.1681213378906,373.40143865073276,366.60852117355006,371.7995959454895,30955500
2023-12-14,361.8228759765625,369.5650106993182,360.0430908454987,369.1200493290244,43277500
2023-12-15,366.5689697265625,368.2202088944094,362.168904067831,362.7325136796333,78478200
2023-12-18,368.4674072265625,368.813484896194,364.5419649068583,365.30334181505793,21802900
2023-12-19,369.0705871582031,369.0705871582031,365.68895952374146,367.3204340997758,20603700
2023-12-20,366.460205078125,371.80948757127044,366.3712188472843,370.7910493626897,26316700
2023-12-21,369.3473815917969,370.2076118514217,365.8866657220112,368.37837028523967,17708000
2023-12-22,370.375732421875,370.9690041075322,368.5267259720335,369.4858399809148,17091100
2023-12-26,370.45489501953125,372.7093035503944,369.30791100557565,370.79107530680284,12673100
2023-12-27,369.8714904785156,370.8503691813732,368.6256229112042,369.4957507248787,14905400
2023-12-28,371.06793212890625,372.2346808060371,369.9605076099309,371.15691836613945,14327000
2023-12-29,371.81939697265625,372.9268214477709,369.2881324080931,371.77983747710107,18723000
2024-01-02,366.7073669433594,371.68090924219496,362.653379124267,369.6637976615887,25258600
2024-01-03,366.4404296875,369.0705777416299,364.3738912539091,364.86827930524817,23083500
2024-01-04,363.8102722167969,368.91236039556355,363.0489255004596,366.5096417702584,20901500
2024-01-05,363.6224060058594,367.8840285269613,362.3864358970699,364.82871403903994,20987000
2024-01-08,370.4845275878906,370.988813066157,364.86828645661416,365.1550098059731,23134000
2024-01-09,371.5721740722656,371.76991118457596,367.0237980384077,367.83460167151895,20830000
2024-01-10,378.47381591796875,379.85812659429405,372.0962281951205,372.14565492996707,25514200
2024-01-11,380.3129577636719,386.29504112370273,376.1106593210736,381.6675761983364,27850800
2024-01-12,384.10986328125,384.3174978189153,380.33273123391484,381.1632995596287,21645700
2024-01-16,385.8896179199219,389.607425521524,383.2693674241333,389.2415832112696,27202300
2024-01-17,385.0986633300781,385.73146439966996,380.4909626708054,383.6253964652766,22234100
2024-01-18,389.44927978515625,389.56792810197584,385.7413690092673,387.3234169753243,23392100
2024-01-19,394.19537353515625,394.19537353515625,389.0833879187689,391.31803151810533,29272000
2024-01-22,392.0596008300781,396.12345590728927,389.1723614900859,395.5301842429018,27016900
2024-01-23,394.4227600097656,394.8973833764225,389.5085418380042,391.30812148964645,20525900
2024-01-24,398.0417175292969,401.0772674984209,395.95541437351613,397.0331767370542,24867000
2024-01-25,400.3258361816406,402.4418318442205,398.0121033737626,399.78202131325014,21021200
2024-01-26,399.3963317871094,401.61121081981145,397.9131676038507,399.83139569486946,17803300
2024-01-29,405.121337890625,405.37842932819404,399.7918203197978,401.5024138062242,24510200
2024-01-30,404.0040283203125,408.4139613345208,401.8880631298829,407.6328499314226,33477600
2024-01-31,393.1175842285156,410.65849256823645,392.7517419035558,402.39230877230926,47871100
2024-02-01,399.2480163574219,403.4206527472509,397.2902287972473,397.3198908735355,30657700
2024-02-02,406.60455322265625,408.018495957255,399.03052385280495,399.2777179046602,28245000
2024-02-05,401.0970458984375,406.5452122317709,399.4556738410708,405.2993446059863,25352300
2024-02-06,400.9388122558594,403.3909878537456,398.38778318773774,401.3244494199643,18382600
2024-02-07,409.4027404785156,409.6499345085534,402.82738531452173,402.8669448083425,22340500
2024-02-08,409.4620666503906,410.895804101699,407.89981364987307,409.40274249689327,21225300
2024-02-09,415.82977294921875,416.0967618057892,410.4310639420329,410.58927173757974,22032800
2024-02-12,410.59918212890625,416.0176559661079,410.0948966506066,415.83968350613833,21202900
2024-02-13,401.759521484375,405.4674319451174,398.86241468639423,400.39500560681336,27824900
2024-02-14,405.6427001953125,405.9894178790187,400.76894210552797,404.23605848087817,20401200
2024-02-15,402.7402038574219,405.2860649354581,400.49154229797136,404.30537605508795,21825500
2024-02-16,400.263671875,404.45394000272717,399.64950189121174,404.12702357209685,22281100
2024-02-20,399.0056457519531,400.68965547755954,394.27055684913546,399.4513996951192,24307900
2024-02-21,398.4013671875,398.51034941803397,393.4879766336977,396.41027241644326,18631100
2024-02-22,407.7823791503906,408.95128532759105,404.7313302719457,406.3361048933316,27009900
2024-02-23,406.4847106933594,411.95283750838547,405.1275871523173,411.76465043623483,16295900
2024-02-26,403.71099853515625,408.28758685257475,403.53266673551263,407.5941515550284,16193500
2024-02-27,403.651611328125,404.4837156428337,400.0557114543386,404.1567991647498,14835800
2024-02-28,403.8893127441406,405.45445472615467,401.51186772663095,404.3449824000404,13183100
2024-02-29,409.75372314453125,410.3084593316979,402.1062540147567,404.80069987993255,31947300
2024-03-01,411.5962219238281,411.9627407983519,407.019633390637,407.4059534745647,17800300
2024-03-04,411.02166748046875,413.42882936527116,408.4460895147351,409.55556181237966,17596000
2024-03-05,398.866943359375,410.35796297341943,396.8758486343361,410.0706791695835,26919200
2024-03-06,398.31219482421875,401.35335816221044,394.6469759902315,399.1839316978577,22344100
2024-03-07,405.2959899902344,405.92996122894976,398.46079390642615,402.3043446808418,18718500
2024-03-08,402.40338134765625,406.563932548316,400.5311242381038,404.1270235900873,17971700
2024-03-11,400.7193603515625,401.8684653107991,397.49000992509303,399.9665214154685,16120800
2024-03-12,411.3782653808594,411.66554917132913,402.9680422398846,403.7902307329295,22457000
2024-03-13,411.20001220703125,414.2510613457713,407.5843111404895,414.17182627227476,17115900
2024-03-14,421.22491455078125,423.8004927118293,414.06283197899603,416.2916924630243,34157300
2024-03-15,412.5075988769531,418.62952831732593,408.9116991847294,415.3506293663728,45049800
2024-03-18,413.39910888671875,416.77707411837673,409.8923602232522,410.3579455831781,20106000
2024-03-19,417.45068359375,417.7082504608342,411.6457249805596,413.90430223487067,19837900
2024-03-20,421.23480224609375,421.95792425172124,416.7077319976527,418.0351385254577,17860100
2024-03-21,425.33587646484375,426.77226517382667,423.1466488448073,425.7915460992778,21296200
2024-03-22,424.7117919921875,425.82126426927357,422.0668947300005,425.6627941418489,17636500
2024-03-25,418.8870544433594,423.39432359578046,417.64879867030754,421.2446982721868,18060500
2024-03-26,417.6883850097656,421.98760494943645,417.3912157495225,421.61117039922806,16725600
2024-03-27,417.4704895019531,420.4621347429845,415.073243298201,420.4522190231072,16705000
2024-03-28,416.7671813964844,417.9063706755069,415.1822079413489,417.0049168339557,21871200
2024-04-01,420.58099365234375,423.8698081123032,418.253066843913,419.9668236498753,16316000
2024-04-02,417.4804382324219,418.41160904891876,413.9142553427375,416.1629170804003,17912000
2024-04-03,416.4997253417969,419.2833219106777,415.1524873360607,415.7864888048433,16502300
2024-04-04,413.953857421875,424.6424895808556,413.64677241260966,420.9970416568271,19370900
2024-04-05,421.5220642089844,422.5027833332265,414.38972913104834,416.06385334615516,16544300
2024-04-08,420.6007995605469,423.26552832814343,419.32291117383534,421.1753671524619,14272400
2024-04-09,422.2749328613281,423.72120713043927,417.65871174097106,422.43343322697575,12512300
2024-04-10,419.2833557128906,420.04611045008676,415.7568053933284,418.2234014266725,16216600
2024-04-11,423.9094543457031,425.3359275063621,418.3917790111302,421.81929297733194,17966400
2024-04-12,417.93609619140625,421.1852782373019,415.82610344793704,420.0658901447868,19232100
2024-04-15,409.75372314453125,422.80988521460824,409.54567440120263,422.5919509817317,20273500
2024-04-16,410.684814453125,414.46893102886065,409.8428247838056,410.67492896476267,16765600
2024-04-17,407.9705810546875,414.944445667743,406.4747584853447,413.3297553873522,15855500
2024-04-18,400.47174072265625,408.0201737333556,400.15477020238865,406.7720021700929,21029900
2024-04-19,395.3701171875,401.67037838778936,394.03279488372993,400.23398957432255,30276500
2024-04-22,397.1928405761719,399.0650979159109,392.0317987028659,396.3211036284112,20286900
2024-04-23,403.7407531738281,404.36483895374073,399.2731164319855,400.4420226888204,15734500
2024-04-24,405.2167053222656,408.5946705531457,402.95812809887644,405.7120076101216,15065300
2024-04-25,395.2908935546875,396.13291356518926,384.3843265310709,390.327954514582,40586500
2024-04-26,402.5024719238281,409.1197034555493,401.94773576133974,408.2975149317784,29694700
2024-04-29,398.470703125,402.50247113048255,395.4394554463583,401.4425169456961,19582100
2024-04-30,385.6720886230469,398.3815629989462,385.51361848485345,397.71784459298715,28781400
2024-05-01,391.2294006347656,397.9456989138246,386.64289629476144,388.92127488428895,23562500
2024-05-02,394.1021423339844,396.1725023827848,390.9421111461168,393.9238407560063,17709400
2024-05-03,402.8392639160156,403.32465048849417,398.0843437724287,398.50041099944804,17446700
2024-05-06,409.65460205078125,410.0409220939022,402.55195433412575,404.91951364996123,16996600
2024-05-07,405.4941101074219,410.7740499032866,405.2464589410717,410.7641341827589,20018200
2024-05-08,406.68280029296875,408.3569244004072,402.88876793839216,404.33507234714784,11792300
2024-05-09,408.44610595703125,408.8423417605904,405.2563578574711,406.71254786446275,14689700
2024-05-10,410.8433837890625,411.47738530815894,407.931003551283,409.0603074206024,13402300
2024-05-13,409.8329162597656,414.41942017019113,406.9601691065583,414.0826182503801,15440200
2024-05-14,412.6462707519531,413.56752582141957,407.68333177957805,408.1489171745,15109300
2024-05-15,419.8609619140625,420.58541857629035,414.09517000451575,414.7203814645313,22239500
2024-05-16,417.7868347167969,422.18315151911617,417.151719986036,418.59066930665216,17530100
2024-05-17,417.01275634765625,419.7021586835379,414.84935049574557,419.32504512881616,15352200
2024-05-20,422.103759765625,423.52287221703216,416.79445965158396,417.01278697375295,16272100
2024-05-21,425.77557373046875,429.6756642883686,421.6174517420971,423.5823671422162,21453300
2024-05-22,427.24432373046875,429.1199579656232,423.8801327186548,426.8176027078419,18073700
2024-05-23,423.7510986328125,430.30088747906075,422.1831336543051,429.6756760944335,17211700
2024-05-24,426.8870849609375,427.7802311569624,421.180834455013,423.9396813142882,11845800
2024-05-28,427.0458679199219,427.54206361225715,423.3541707575322,426.3611154416687,15718000
2024-05-29,425.90460205078125,427.6611238088633,422.4510693064345,422.4510693064345,15517100
2024-05-30,411.51495361328125,421.07165731955763,411.08820229599854,421.07165731955763,28424800
2024-05-31,411.971435546875,413.5791047255822,401.43224401056676,413.5791047255822,47995300
2024-06-03,410.3736877441406,413.2615504010757,405.80871145548105,412.36840418309373,17484700
2024-06-04,412.904296875,413.27147684716857,406.56290129495756,409.2919776436919,14348900
2024-06-05,420.78387451171875,420.8533188907335,413.1325152430589,414.6310359031759,16988000
2024-06-06,421.28997802734375,422.07397569799485,417.3799535645987,420.7838790172518,14861300
2024-06-07,420.6250915527344,423.03659533238357,419.78155282449774,422.9572173477245,13621700
2024-06-10,424.6144714355469,424.82286513391676,420.66477334419267,421.4686078947135,14003000
2024-06-11,429.38787841796875,429.5268277427762,422.01441801832095,422.24267892962746,14551100
2024-06-12,437.7041320800781,440.0263242349242,429.9535579589742,432.00781534858527,22366200
2024-06-13,438.2201843261719,440.01644063600304,436.02700779586485,437.49575798146077,15960600
2024-06-14,439.2026672363281,439.7683376003339,433.39717151476515,434.94529966913103,13582000
2024-06-17,444.9585266113281,447.5089797746042,437.3667384679764,439.22250553797545,20790000
2024-06-18,442.9439697265625,446.7150751827561,441.50502038116036,446.28832386783046,17112500
2024-06-20,442.3088684082031,443.1325399619797,437.912551396736,442.9042790324355,19877400
2024-06-21,446.3578186035156,447.15171963768364,443.11270951249037,443.9760852156284,34486200
2024-06-24,444.26385498046875,449.30518978099155,443.0134321712583,446.37762314479846,15913700
2024-06-25,447.5188903808594,447.98531552571586,443.3508346061679,444.8394216277891,16747500
2024-06-26,448.71966552734375,450.1487114593878,444.7798707523325,445.5837053034348,16507000
2024-06-27,449.4044494628906,452.6991961641024,448.3326497960473,448.73953390240615,14806300
2024-06-28,443.5493469238281,451.9151991305475,443.0134470896372,449.6227774267188,28362300
2024-07-01,453.2549133300781,453.8900280472802,442.2691337894114,445.2463078469115,17662800
2024-07-02,455.7854919433594,456.0931308349297,449.6624240698802,449.75176594132466,13979800
2024-07-03,457.26416015625,457.5122579984809,454.39616484845857,454.70380374999445,9932800
2024-07-05,464.00250244140625,464.78650009669735,455.4778642825478,456.1129790053472,16000300
2024-07-08,462.6925354003906,464.14144858333964,460.9260800009118,463.00017429743497,12962300
2024-07-09,456.0435485839844,463.7742557192127,454.51525736098597,463.4467798855468,17207200
2024-07-10,462.7024841308594,462.91087784219644,455.36869724486377,457.71075666628917,18196100
2024-07-11,451.2403869628906,461.2436790661222,448.1143297880847,459.457386639418,23111200
2024-07-12,450.0990905761719,452.8877078833818,447.22116168053736,450.8731546278995,16324300
2024-07-15,450.5059814453125,453.7808911637112,447.99523247056425,449.85099950163277,14429400
2024-07-16,446.0997619628906,450.8433915449834,443.2615371548041,450.7640135601996,17175700
2024-07-17,440.1454162597656,441.46531376189114,435.8384412822571,439.22249954002416,21778000
2024-07-18,437.0193786621094,441.2668124744543,431.0948010273652,440.95917357547034,20794800
2024-07-19,433.7841796875,437.7835460054657,428.7130742947466,429.80471086507333,20940400
2024-07-22,439.56988525390625,441.21725874750035,435.57054879473594,438.428641107218,15808800
2024-07-23,441.4653015136719,444.9783753997072,439.7286166377608,440.5225176097392,13107100
2024-07-24,425.6366882324219,438.12098967384526,424.33665785152385,437.09882768843573,26805800
2024-07-25,415.216552734375,426.52980855641556,414.3333401430881,425.5374171635106,29943800
2024-07-26,422.0342712402344,425.6565240052853,414.0951402007918,415.0180872010169,23583800
2024-07-29,423.4831848144531,428.86192913835873,421.4686315229256,428.29625878283395,15125800
2024-07-30,419.7021789550781,425.7855127211385,414.18445497765873,424.4656455012434,32687600
2024-07-31,415.16693115234375,418.5708262456948,409.07363367025533,417.3005665174137,42891400
2024-08-01,413.93634033203125,424.20759683358074,409.94693801865395,417.58836350695543,30296400
2024-08-02,405.3819580078125,411.84243578824686,401.2635397070065,409.35152365396425,29437900
2024-08-05,392.1434326171875,397.9886321568055,382.6462402085907,386.20895177644206,40709200
2024-08-06,396.56951904296875,402.5834388839359,395.4679791086585,396.9565662320286,24946500
2024-08-07,395.3984680175781,406.95982088699543,394.44578082628846,405.53080524275083,20650900
2024-08-08,399.6260681152344,402.77193167950935,396.8969919508049,399.3779702821044,20203000
2024-08-09,402.93072509765625,404.945278327108,399.1993542150353,400.9558760021183,19276700
2024-08-12,403.7147216796875,405.6498969215895,401.16426864795665,403.9628195165785,16762900
2024-08-13,410.8599548339844,411.79280513110314,406.4537347921751,406.47357171655057,19414300
2024-08-14,413.6882629394531,414.54173528870035,409.3118435327495,411.64393908583247,18267000
2024-08-15,418.57965087890625,418.65917193819183,415.2292687595661,417.3567984201095,20752100
2024-08-16,416.0345153808594,418.88780719208,414.871311404525,418.15212368395106,22775600
2024-08-19,419.07672119140625,419.2954420190991,414.03622098500824,416.52167114516885,15234000
2024-08-20,422.3276672363281,423.3814956474892,419.18608502114756,419.2457333961214,16387600
2024-08-21,421.67156982421875,423.9183962597862,419.2656405890008,421.6118911043651,16067300
2024-08-22,413.13153076171875,424.30613578026436,412.1969990352219,421.8902550651885,19361900
2024-08-23,414.36431884765625,416.8199448280934,409.69166039420327,414.5532154876874,18493800
2024-08-26,411.08349609375,414.85144695028356,408.9460150702165,413.94673947074824,13152800
2024-08-27,411.43145751953125,411.9484202096587,407.8623548739229,410.4571501735566,13492900
2024-08-28,408.2103576660156,412.58474406521935,404.939496621488,412.46544730687265,14882700
2024-08-29,410.7156677246094,419.593688512659,408.21034485802835,412.5250827426797,17045200
2024-08-30,414.7122802734375,415.0602190186727,409.7314285183125,413.18123450252676,24308300
2024-09-03,407.0570983886719,417.43634095322227,404.66112073149435,415.47780496274754,20313600
2024-09-04,406.5202331542969,408.8466109265116,402.01659855552833,403.5476443909062,15135800
2024-09-05,406.01318359375,410.69576288507244,403.7663270914325,405.2476455783769,14195500
2024-09-06,399.36212158203125,408.2600144548305,398.4673353023376,406.6792718819864,19609500
2024-09-09,403.3587341308594,406.27167441765806,399.8095040440946,404.8698768958274,15295100
2024-09-10,411.7893981933594,413.9069762623546,405.327227721672,405.8243177579556,19594300
2024-09-11,420.57794189453125,421.52239474938517,407.19625641616165,413.08181573237965,19266900
2024-09-12,424.514892578125,424.8827343519594,417.30708702498356,420.84636566939764,17418800
2024-09-13,428.083984375,429.3167579290349,422.98383586069434,423.35167762504557,15874600
2024-09-16,428.8296203613281,431.0068771042965,425.72778345078893,428.09393683099876,13834700
2024-09-17,432.6174621582031,439.27848092894993,429.75421863095636,437.6679140298658,18874200
2024-09-18,428.302734375,433.4923558065776,427.9050683956392,432.46835149823806,18898000
2024-09-19,436.1368713378906,438.9305149970845,434.3572804602649,438.6620972919553,21706600
2024-09-20,432.7367858886719,436.6836823244085,431.69290886011487,434.6754493302442,55167100
2024-09-23,430.9870300292969,433.9198431554934,427.88519293448667,431.75253779309,15128900
2024-09-24,426.6722717285156,430.82793711748263,423.62013164821116,430.47996802683457,17015800
2024-09-25,429.59515380859375,430.599285430914,426.0757780554542,427.3284243659067,13396400
2024-09-26,428.7998046875,432.766573468399,426.6324994108163,432.5578041483432,14492000
2024-09-27,425.5289306640625,429.3366572153901,424.982143776937,429.0085608111411,14896100
2024-09-30,427.795654296875,427.91498138591425,422.89435403602215,425.71782167728367,16807300
2024-10-01,418.2416076660156,425.9862787507864,416.3725443176016,425.95645456288486,19092900
2024-10-02,414.7023620605469,420.3592494217051,414.2847930567838,420.12062555956777,16582300
2024-10-03,414.11578369140625,417.1082451347957,411.8788784861643,415.19943635003835,13686400
2024-10-04,413.6385498046875,417.30707662196244,412.55489718933603,415.80585503539044,19169700
2024-10-07,407.1565246582031,414.68244492002515,406.6196589116371,413.5789195776064,20919800
2024-10-08,412.29644775390625,413.24093104669487,405.7945313192391,408.5086237522523,19229300
2024-10-09,415.0303955078125,417.93341460570645,411.88878290651843,413.4397013585542,14974300
2024-10-10,413.41986083984375,414.92108254210694,410.74551386798254,412.81342552487126,13848400
2024-10-11,413.89703369140625,414.70231708134946,410.84489374484957,413.7180885691892,14144900
2024-10-14,416.7006530761719,421.5721293976272,415.09005586184196,415.3386008817118,16653100
2024-10-15,416.3029479980469,420.02120204810905,412.84322081195853,419.7229298265709,18900200
2024-10-16,413.69818115234375,413.93677464609624,408.0910216693982,412.7537283462629,15508900
2024-10-17,414.2947082519531,420.0410676802283,413.17127995027164,419.9018679111856,14820000
2024-10-18,415.7263488769531,417.2076674979936,413.8374127793913,414.7122961104646,17145300
2024-10-21,416.3427429199219,416.5216880571269,411.3420182082338,413.6982202013397,14206100
2024-10-22,425.0219421386719,428.07405197206367,415.6070554250592,416.0544182638452,25482200
2024-10-23,422.1288757324219,428.5711433507003,420.0709156477079,428.35242251551375,19654400
2024-10-24,422.25811767578125,423.5008427798279,419.94166109145596,422.85460145374896,13581600
2024-10-25,425.658203125,430.0027653012564,424.0874119188817,424.2763085648032,16899100
2024-10-28,424.1072998046875,429.4261695906152,423.81897907057987,429.1478003666399,14882400
2024-10-29,429.43609619140625,430.64899709836675,423.32186444879665,425.5090727531412,17644100
2024-10-30,430.0127258300781,435.9479823564893,429.5852356603292,434.8941538571239,29749100
2024-10-31,403.985107421875,413.73801220344217,403.9353802107126,412.94264988457604,53971000
2024-11-01,407.981689453125,413.0818383039077,405.12839737386855,406.6296190582037,24230400
2024-11-04,406.0827941894531,408.03140902561756,403.2096294840388,407.414991879503,19672300
2024-11-05,409.0653076171875,412.4852893556826,405.70497425343626,405.99329495800964,17626000
2024-11-06,417.73455810546875,418.00300613139274,408.1307753660983,410.01974169679755,26681800
2024-11-07,422.9540100097656,424.3657590257446,417.43632288625736,418.8281688837221,19901800
2024-11-08,420.0808410644531,424.0177855133015,419.32525452801985,422.8446603519728,16891400
2024-11-11,415.57720947265625,422.3376216288976,413.5788978774876,420.0609408352946,24503300
2024-11-12,420.5679931640625,421.969790701444,414.77193671429194,415.81581365023004,19401200
2024-11-13,422.7253723144531,426.8313104637277,415.7760330857976,419.1860937392156,21502200
2024-11-14,424.4055480957031,425.6780973820496,417.5556327945319,422.526533184943,30246900
2024-11-15,412.5847473144531,420.3393400677491,411.23267692258383,417.3767027455775,28247600
2024-11-18,413.34033203125,415.9649517435253,409.7016291897124,412.4554971706168,24742000
2024-11-19,415.3584899902344,415.5076109291685,409.154785870871,410.7057043157201,18133500
2024-11-20,413.0718688964844,414.86141123218795,408.19044109637775,414.4438422518667,19191700
2024-11-21,411.2887268066406,418.1722655525636,408.7186214344056,417.8933391524707,20780200
2024-11-22,415.40289306640625,415.80135498920845,409.48564079067086,409.79445106089474,24814600
2024-11-25,417.1860656738281,419.46727321033643,413.2611532266888,416.7776323033626,27691100
2024-11-26,426.350830078125,427.396826920373,417.24585120009374,417.98300734363517,23458900
2024-11-27,421.3699645996094,425.59374633298364,420.4036784238945,423.48184026594765,18332400
2024-11-29,421.83819580078125,423.25277076525435,416.1998692026867,418.4811073183322,16271900
2024-12-02,429.3293762207031,431.3416287639885,419.6963985253484,419.95541246483856,20207200
2024-12-03,429.5485534667969,430.8136785324232,426.10178307894205,428.19374634076934,18302000
2024-12-04,435.7447204589844,437.98610309109085,430.973057365549,431.3715193088951,26009400
2024-12-05,440.9248046875,442.9570002031869,434.4995257845279,436.2428234590915,21697800
2024-12-06,441.87115478515625,444.3914637865622,440.0780304611881,440.605999369761,18821000
2024-12-09,444.311767578125,446.61291802797285,438.8129196876974,440.904882933204,19144400
2024-12-10,441.6320495605469,447.89796761162455,439.9086948512907,442.6880177694449,18469500
2024-12-11,447.2704162597656,448.6252234428676,442.34933339299914,442.34933339299914,19200200
2024-12-12,447.83819580078125,454.4129240722559,447.389907127457,447.389907127457,20834800
2024-12-13,445.5569763183594,449.7010474581427,443.8734464678006,446.722508676707,20177800
2024-12-16,449.86041259765625,450.4481492573408,443.57458224663304,445.55695084461104,23598800
2024-12-17,452.7194519042969,453.5462901057899,447.84819595840975,449.2826833242326,22733500
2024-12-18,435.71484375,450.9163784238889,435.34623528561843,449.59148560028365,24444500
2024-12-19,435.356201171875,441.4826409757379,434.64892893973837,439.92861811038824,22963700
2024-12-20,434.9278869628906,442.04052591747404,426.98840977197597,431.4512325197303,64263700
2024-12-23,433.5830383300781,435.97384050264867,431.1722932989543,435.06732205874545,19152500
2024-12-24,437.64739990234375,437.91638528778583,432.52710135873434,432.98533109593694,7164500
2024-12-26,436.43206787109375,439.2512462781778,434.9577555797017,437.3983540840164,8194200
2024-12-27,428.881103515625,433.5531436249425,424.71711987555517,432.9355230391817,18117700
2024-12-30,423.2029113769531,425.91249514442245,420.2841404099869,424.42821148968693,13158700
